0 0.969 0.4095 0.062 0.159
0 0.746 0.082 0.138 0.048
0 0.444 0.8335 0.166 0.049
0 0.982 0.5525 0.036 0.141
0 0.2055 0.5935 0.089 0.067
0 0.9205 0.049 0.067 0.062
0 0.7195 0.195 0.149 0.158
0 0.9725 0.046 0.055 0.09
0 0.764 0.028 0.1 0.054
0 0.3835 0.5195 0.289 0.243
0 0.1375 0.878 0.061 0.098
0 0.2965 0.8435 0.123 0.099
0 0.89 0.4255 0.078 0.141
0 0.648 0.9225 0.11 0.077
0 0.5415 0.91 0.065 0.074
0 0.6955 0.0205 0.049 0.039
0 0.204 0.8375 0.068 0.087
0 0.786 0.804 0.14 0.13
0 0.754 0.381 0.13 0.064
0 0.902 0.521 0.052 0.048