0 0.683 0.5715 0.186 0.139
1 0.3135 0.527 0.147 0.14
0 0.6955 0.025 0.065 0.05
0 0.0255 0.8985 0.051 0.097
0 0.271 0.8995 0.15 0.121
0 0.189 0.457 0.052 0.062
0 0.2295 0.7375 0.055 0.077
0 0.1365 0.492 0.065 0.058
0 0.9425 0.8475 0.115 0.131
0 0.385 0.6065 0.144 0.155
0 0.3725 0.7435 0.193 0.175
0 0.8725 0.508 0.219 0.192
0 0.568 0.68 0.148 0.148
0 0.628 0.3965 0.186 0.179
0 0.092 0.8345 0.118 0.125
0 0.097 0.641 0.192 0.184
0 0.754 0.7205 0.196 0.211
0 0.1645 0.5705 0.101 0.105
0 0.8295 0.145 0.145 0.186
0 0.736 0.363 0.074 0.072
0 0.2285 0.404 0.081 0.088
0 0.6805 0.9715 0.175 0.057
0 0.8735 0.979 0.081 0.042
0 0.992 0.9445 0.016 0.049
0 0.8715 0.6905 0.087 0.075