0 0.389 0.0355 0.034 0.035
0 0.1055 0.9545 0.093 0.091
0 0.3435 0.0285 0.061 0.057
0 0.517 0.54 0.174 0.336
1 0.4685 0.888 0.205 0.224
0 0.3445 0.099 0.049 0.088
0 0.465 0.068 0.12 0.134
0 0.751 0.0505 0.126 0.095
0 0.773 0.155 0.148 0.13
0 0.9225 0.8695 0.155 0.255
0 0.362 0.1965 0.068 0.095
0 0.929 0.242 0.066 0.092
0 0.483 0.183 0.112 0.108
0 0.112 0.8225 0.072 0.131
0 0.4915 0.281 0.111 0.106
0 0.413 0.2755 0.05 0.047
0 0.401 0.3235 0.08 0.043
0 0.78 0.257 0.134 0.094
0 0.889 0.1425 0.062 0.123
0 0.8345 0.4985 0.137 0.349
0 0.8605 0.0405 0.045 0.079