0 0.158 0.4085 0.082 0.075
0 0.052 0.6655 0.102 0.045
0 0.978 0.323 0.044 0.088
0 0.8545 0.765 0.291 0.074
0 0.0645 0.3075 0.127 0.183
0 0.9765 0.042 0.047 0.078
0 0.154 0.2815 0.118 0.125
0 0.0995 0.2155 0.075 0.073
0 0.6725 0.9325 0.149 0.129
0 0.7435 0.3615 0.051 0.067
0 0.9625 0.4125 0.075 0.105
0 0.2595 0.1225 0.093 0.071
0 0.9425 0.1325 0.105 0.125
0 0.203 0.159 0.066 0.072
0 0.7115 0.0925 0.131 0.125
0 0.383 0.131 0.156 0.178
0 0.8335 0.11 0.131 0.13
0 0.5955 0.07 0.129 0.124
0 0.8205 0.425 0.115 0.096
0 0.267 0.2145 0.194 0.165
0 0.8665 0.348 0.093 0.06
0 0.88 0.2915 0.036 0.055