0 0.2445 0.9595 0.105 0.077
0 0.3995 0.7475 0.109 0.123
0 0.245 0.9615 0.106 0.077
0 0.7165 0.4815 0.147 0.159
0 0.5315 0.508 0.115 0.116
0 0.348 0.906 0.198 0.188
0 0.628 0.607 0.228 0.224
0 0.548 0.727 0.178 0.186
0 0.775 0.541 0.184 0.196
0 0.4415 0.618 0.139 0.136
0 0.4715 0.8215 0.161 0.169
0 0.8395 0.6055 0.185 0.189
0 0.54 0.901 0.152 0.144
0 0.4315 0.9635 0.143 0.073
0 0.9645 0.803 0.071 0.17
0 0.1405 0.9425 0.095 0.103
0 0.197 0.915 0.094 0.084
0 0.2865 0.8445 0.153 0.137
0 0.39 0.513 0.106 0.084