0 0.07 0.929 0.138 0.14
0 0.07 0.901 0.062 0.058
0 0.0915 0.8705 0.065 0.067
0 0.1235 0.8365 0.101 0.117
0 0.052 0.785 0.102 0.144
0 0.199 0.76 0.094 0.094
0 0.347 0.6145 0.144 0.133
0 0.3005 0.65 0.091 0.094
0 0.401 0.5715 0.08 0.085
0 0.282 0.552 0.174 0.142
0 0.8865 0.8285 0.129 0.135
0 0.913 0.754 0.118 0.092
0 0.9445 0.565 0.111 0.17
0 0.6195 0.27 0.095 0.088
0 0.7015 0.268 0.067 0.088
0 0.792 0.276 0.058 0.054
0 0.804 0.215 0.038 0.074
0 0.7425 0.173 0.155 0.044
0 0.524 0.234 0.038 0.108
0 0.5495 0.229 0.043 0.046
0 0.539 0.294 0.07 0.038
0 0.9605 0.1885 0.079 0.171