0 0.067 0.04 0.084 0.07
0 0.119 0.021 0.028 0.036
0 0.477 0.362 0.074 0.062
0 0.476 0.2905 0.07 0.039
0 0.507 0.312 0.036 0.058
0 0.559 0.3765 0.058 0.057
0 0.5555 0.338 0.023 0.034
0 0.5835 0.3245 0.081 0.033
0 0.6095 0.3485 0.021 0.039
0 0.7075 0.4235 0.129 0.109
0 0.75 0.399 0.074 0.062
0 0.9375 0.4285 0.077 0.059
0 0.892 0.374 0.028 0.054
0 0.9335 0.3715 0.089 0.051
0 0.7465 0.9195 0.065 0.049
0 0.8115 0.914 0.029 0.048
0 0.8355 0.9425 0.063 0.043
0 0.893 0.9215 0.072 0.069
0 0.867 0.881 0.028 0.03
0 0.978 0.9485 0.044 0.065
0 0.9675 0.892 0.029 0.036
0 0.987 0.902 0.026 0.04