0 0.0505 0.516 0.101 0.114
0 0.224 0.4665 0.084 0.103
0 0.315 0.468 0.088 0.066
0 0.247 0.391 0.058 0.072
0 0.424 0.4205 0.11 0.103
0 0.393 0.3615 0.09 0.065
0 0.4305 0.3035 0.093 0.061
0 0.6555 0.743 0.105 0.088
0 0.6425 0.681 0.121 0.096
0 0.51 0.8355 0.064 0.107
0 0.635 0.8225 0.096 0.091
0 0.6975 0.8065 0.051 0.077
0 0.684 0.887 0.114 0.084
0 0.7035 0.9535 0.117 0.093
0 0.9445 0.7425 0.073 0.075
0 0.9625 0.8035 0.075 0.079
0 0.9705 0.8705 0.059 0.077
0 0.9585 0.7095 0.083 0.075
0 0.5355 0.9275 0.063 0.083
0 0.9855 0.9665 0.029 0.067