0 0.1275 0.034 0.125 0.066
0 0.222 0.053 0.098 0.104
0 0.344 0.078 0.1 0.094
0 0.4275 0.2635 0.083 0.073
0 0.465 0.182 0.126 0.122
0 0.516 0.0895 0.104 0.073
0 0.5435 0.0285 0.121 0.057
0 0.6115 0.153 0.125 0.07
0 0.639 0.2135 0.07 0.053
0 0.5745 0.2545 0.125 0.113
0 0.6795 0.315 0.137 0.13
0 0.779 0.3425 0.11 0.117
0 0.8415 0.385 0.071 0.098
0 0.875 0.425 0.1 0.134
0 0.9425 0.469 0.107 0.114
0 0.9775 0.5015 0.045 0.109
0 0.977 0.422 0.046 0.046
0 0.8145 0.246 0.095 0.112
0 0.888 0.2865 0.08 0.113
0 0.889 0.2035 0.118 0.097
0 0.922 0.154 0.074 0.064