0 0.6595 0.0865 0.193 0.055
0 0.4325 0.255 0.067 0.108
0 0.7295 0.653 0.053 0.136
0 0.8175 0.6815 0.071 0.217
0 0.74 0.8435 0.062 0.093
0 0.8075 0.8405 0.069 0.107
0 0.8985 0.864 0.097 0.088
0 0.9625 0.8735 0.031 0.089
0 0.966 0.804 0.04 0.05
0 0.877 0.801 0.046 0.034
0 0.9095 0.764 0.101 0.058
0 0.543 0.8595 0.062 0.095
0 0.4735 0.8645 0.079 0.095
0 0.47 0.758 0.048 0.118
0 0.5505 0.7315 0.041 0.057
0 0.511 0.6775 0.124 0.053
0 0.399 0.87 0.064 0.098
0 0.4145 0.7955 0.037 0.045
0 0.3215 0.8635 0.087 0.093
0 0.372 0.6885 0.146 0.049
0 0.1525 0.8195 0.093 0.095
0 0.15 0.7405 0.08 0.069
0 0.1975 0.9095 0.039 0.089