0 0.031 0.858 0.052 0.056
0 0.024 0.8155 0.044 0.025
0 0.0775 0.8455 0.057 0.059
0 0.1185 0.8385 0.027 0.055
0 0.1855 0.843 0.061 0.046
0 0.1665 0.8355 0.059 0.063
0 0.1895 0.777 0.055 0.04
0 0.2805 0.8305 0.059 0.065
0 0.3595 0.8285 0.055 0.061
0 0.2675 0.776 0.033 0.048
0 0.293 0.763 0.078 0.032
0 0.535 0.2335 0.08 0.069
0 0.523 0.1985 0.084 0.037
0 0.4725 0.207 0.041 0.066
0 0.4335 0.124 0.109 0.098
0 0.365 0.1825 0.084 0.069
0 0.4035 0.197 0.029 0.042
0 0.2795 0.164 0.047 0.044
0 0.2895 0.128 0.027 0.056
0 0.2305 0.144 0.065 0.066
0 0.2755 0.115 0.037 0.036
0 0.1595 0.127 0.055 0.06
0 0.1595 0.077 0.067 0.036
0 0.109 0.07 0.04 0.036
0 0.017 0.099 0.02 0.032
0 0.0065 0.0885 0.011 0.049