0 0.031 0.6945 0.06 0.119
0 0.0665 0.6615 0.107 0.117
0 0.0315 0.5695 0.061 0.069
0 0.425 0.45 0.068 0.086
0 0.481 0.4195 0.122 0.119
0 0.3915 0.3835 0.063 0.073
0 0.4725 0.337 0.063 0.07
0 0.403 0.3135 0.13 0.077
0 0.508 0.285 0.084 0.086
0 0.5835 0.3445 0.141 0.137
0 0.642 0.3065 0.078 0.103
0 0.7065 0.3045 0.047 0.043
0 0.604 0.2085 0.068 0.071
0 0.5455 0.1845 0.109 0.089
0 0.682 0.131 0.122 0.126
0 0.763 0.1695 0.142 0.151
0 0.8375 0.0855 0.143 0.147
0 0.761 0.039 0.088 0.076