0 0.0505 0.6165 0.057 0.099
0 0.0125 0.5525 0.023 0.059
0 0.629 0.4085 0.078 0.093
0 0.7185 0.4 0.107 0.092
0 0.8325 0.634 0.125 0.078
0 0.891 0.6695 0.052 0.081
0 0.907 0.728 0.052 0.052
0 0.848 0.7295 0.074 0.077
0 0.9585 0.6985 0.083 0.089
0 0.9855 0.5765 0.029 0.051
0 0.087 0.4625 0.096 0.081
0 0.086 0.4055 0.054 0.061
0 0.0455 0.0505 0.089 0.099
0 0.289 0.1155 0.098 0.085
0 0.2965 0.063 0.157 0.124
0 0.387 0.0945 0.06 0.073
0 0.3665 0.154 0.081 0.1
0 0.434 0.1845 0.124 0.121
0 0.4995 0.233 0.073 0.068
0 0.531 0.194 0.05 0.054