0 0.048 0.9365 0.094 0.127
0 0.151 0.982 0.116 0.036
0 0.3395 0.7035 0.071 0.073
0 0.391 0.6935 0.038 0.045
0 0.4045 0.732 0.077 0.058
0 0.4525 0.6805 0.069 0.063
0 0.532 0.7235 0.066 0.057
0 0.2885 0.661 0.055 0.032
0 0.3895 0.6005 0.111 0.087
0 0.485 0.64 0.05 0.04
0 0.6785 0.467 0.087 0.092
0 0.322 0.287 0.034 0.042
0 0.2555 0.229 0.079 0.148
0 0.184 0.223 0.074 0.062
0 0.286 0.174 0.046 0.052
0 0.176 0.1575 0.092 0.069
1 0.126 0.104 0.046 0.058
0 0.5455 0.0665 0.091 0.093
0 0.4995 0.025 0.073 0.05