0 0.7025 0.806 0.055 0.06
0 0.649 0.77 0.068 0.066
0 0.634 0.798 0.058 0.056
0 0.737 0.8085 0.024 0.035
0 0.648 0.6975 0.04 0.045
0 0.5385 0.5815 0.071 0.075
0 0.469 0.56 0.072 0.074
0 0.3175 0.559 0.073 0.064
0 0.3565 0.5725 0.033 0.049
0 0.3295 0.521 0.113 0.062
0 0.3985 0.419 0.073 0.06
0 0.45 0.445 0.056 0.042
0 0.3375 0.386 0.057 0.058
0 0.1455 0.619 0.097 0.094
0 0.0285 0.555 0.057 0.06
0 0.108 0.381 0.074 0.076
0 0.0765 0.3445 0.061 0.065
1 0.15 0.4375 0.084 0.087
0 0.0385 0.8185 0.075 0.065
0 0.1515 0.8635 0.065 0.051
0 0.1955 0.871 0.045 0.064
0 0.204 0.9685 0.076 0.063
0 0.092 0.983 0.07 0.034
0 0.0375 0.9885 0.043 0.023