0 0.5675 0.931 0.093 0.086
0 0.6175 0.8375 0.119 0.119
0 0.653 0.9655 0.118 0.069
0 0.7235 0.8695 0.079 0.091
0 0.669 0.777 0.096 0.06
0 0.5915 0.735 0.093 0.074
0 0.6315 0.6845 0.133 0.133
0 0.7625 0.6185 0.137 0.123
0 0.7345 0.54 0.059 0.096
0 0.788 0.523 0.11 0.064
0 0.8135 0.556 0.061 0.062
0 0.491 0.2335 0.068 0.081
0 0.6865 0.267 0.093 0.106
0 0.741 0.3055 0.04 0.035
0 0.745 0.2255 0.044 0.037
0 0.768 0.266 0.044 0.118
0 0.9395 0.0365 0.047 0.071
0 0.9765 0.0405 0.047 0.079
0 0.8365 0.019 0.087 0.036