0 0.0205 0.8225 0.039 0.095
0 0.0255 0.8945 0.051 0.095
0 0.083 0.881 0.072 0.102
0 0.1735 0.8975 0.099 0.091
0 0.2365 0.9145 0.033 0.063
0 0.1 0.8165 0.05 0.037
0 0.146 0.8235 0.034 0.053
0 0.0975 0.776 0.045 0.048
0 0.1905 0.799 0.061 0.058
0 0.2965 0.774 0.141 0.074
0 0.2605 0.8255 0.047 0.071
0 0.35 0.8025 0.05 0.063
0 0.2895 0.8925 0.089 0.111
0 0.3565 0.875 0.079 0.094
0 0.4405 0.8515 0.113 0.119
0 0.3975 0.776 0.053 0.076
0 0.4355 0.7315 0.061 0.051
0 0.265 0.6565 0.15 0.079
0 0.5365 0.8275 0.115 0.113
0 0.657 0.7915 0.15 0.119
0 0.504 0.7105 0.112 0.057
0 0.531 0.6815 0.05 0.079
0 0.625 0.678 0.138 0.066
0 0.592 0.733 0.056 0.068
0 0.6805 0.7115 0.059 0.063
0 0.776 0.7655 0.122 0.109
0 0.848 0.754 0.054 0.08
0 0.925 0.7165 0.118 0.109
0 0.8725 0.641 0.061 0.082
0 0.8995 0.6035 0.111 0.053
0 0.9775 0.59 0.045 0.052