0 0.2415 0.453 0.075 0.098
0 0.3215 0.4815 0.087 0.095
0 0.4485 0.4615 0.095 0.071
0 0.4575 0.527 0.051 0.076
0 0.4845 0.548 0.049 0.068
0 0.5105 0.538 0.033 0.028
0 0.5565 0.524 0.069 0.052
0 0.5455 0.5795 0.081 0.073
0 0.516 0.3805 0.062 0.065
0 0.5825 0.1355 0.071 0.083
0 0.5555 0.085 0.059 0.056
0 0.6015 0.028 0.043 0.048
0 0.624 0.085 0.052 0.08
0 0.79 0.085 0.068 0.058
0 0.773 0.0295 0.036 0.059
0 0.799 0.0145 0.054 0.025
0 0.8545 0.0715 0.073 0.071
0 0.9545 0.078 0.077 0.07
0 0.653 0.904 0.04 0.036
0 0.6705 0.857 0.083 0.066
0 0.719 0.8535 0.038 0.059
0 0.7365 0.907 0.065 0.068
0 0.78 0.892 0.06 0.058
0 0.9275 0.8635 0.095 0.073
0 0.909 0.777 0.092 0.058