0 0.056 0.477 0.106 0.072
0 0.1395 0.499 0.071 0.062
0 0.1965 0.4685 0.049 0.071
0 0.038 0.8545 0.074 0.093
0 0.076 0.782 0.15 0.106
0 0.171 0.8295 0.062 0.097
0 0.094 0.882 0.082 0.096
0 0.1445 0.904 0.059 0.076
0 0.248 0.9385 0.118 0.123
0 0.219 0.8435 0.052 0.069
0 0.1865 0.916 0.059 0.1
0 0.294 0.873 0.072 0.08
0 0.3435 0.911 0.049 0.064
0 0.428 0.937 0.066 0.07
0 0.401 0.889 0.124 0.064
0 0.318 0.9665 0.05 0.067
0 0.3805 0.9705 0.113 0.059
0 0.474 0.9455 0.036 0.069
0 0.508 0.9385 0.064 0.065