0 0.3035 0.3505 0.063 0.061
0 0.5795 0.3725 0.041 0.065
0 0.628 0.393 0.066 0.074
0 0.3785 0.553 0.079 0.078
0 0.379 0.6175 0.082 0.069
0 0.9325 0.909 0.079 0.06
0 0.9185 0.974 0.089 0.052
0 0.9695 0.9625 0.061 0.075
0 0.972 0.873 0.028 0.028
0 0.9775 0.842 0.045 0.036
0 0.038 0.2295 0.05 0.049
0 0.0805 0.1195 0.063 0.071
0 0.1285 0.0695 0.075 0.085
0 0.195 0.04 0.056 0.054
0 0.054 0.063 0.086 0.124
0 0.1195 0.0175 0.043 0.033
0 0.7015 0.044 0.091 0.084
0 0.887 0.0535 0.062 0.067
0 0.9385 0.0295 0.093 0.059