0 0.0275 0.7005 0.053 0.105
0 0.0175 0.628 0.035 0.056
0 0.042 0.5725 0.082 0.051
0 0.082 0.682 0.092 0.108
0 0.1365 0.671 0.051 0.096
0 0.196 0.6535 0.114 0.111
0 0.204 0.5715 0.054 0.067
0 0.113 0.5795 0.068 0.089
0 0.156 0.534 0.14 0.058
0 0.3505 0.6065 0.127 0.115
0 0.4315 0.5795 0.083 0.111
0 0.496 0.5595 0.09 0.111
0 0.397 0.512 0.054 0.062
0 0.4755 0.487 0.075 0.06
0 0.429 0.4555 0.132 0.069
0 0.5685 0.537 0.097 0.114
0 0.632 0.512 0.074 0.118
0 0.7285 0.4905 0.149 0.109
0 0.6665 0.442 0.057 0.058
0 0.657 0.3875 0.068 0.073
0 0.808 0.459 0.06 0.092
0 0.8675 0.438 0.119 0.11
0 0.876 0.3595 0.056 0.059
0 0.8165 0.327 0.133 0.07
0 0.9435 0.42 0.051 0.088
0 0.9735 0.408 0.053 0.106
0 0.929 0.3505 0.058 0.057