0 0.168 0.8285 0.03 0.065
0 0.205 0.8135 0.096 0.031
0 0.239 0.8375 0.028 0.065
0 0.215 0.892 0.058 0.046
0 0.295 0.894 0.072 0.058
0 0.299 0.854 0.068 0.028
0 0.429 0.893 0.054 0.064
0 0.497 0.901 0.07 0.066
0 0.4995 0.845 0.069 0.036
0 0.5995 0.8505 0.093 0.041
0 0.6055 0.908 0.067 0.076
0 0.672 0.92 0.056 0.05
0 0.658 0.878 0.026 0.044
0 0.711 0.881 0.02 0.042
0 0.685 0.8545 0.072 0.031
0 0.043 0.782 0.074 0.066
0 0.0875 0.7215 0.063 0.077
0 0.0725 0.6765 0.089 0.053
0 0.9745 0.547 0.051 0.082
0 0.517 0.052 0.068 0.068
0 0.3315 0.0855 0.051 0.053
0 0.2255 0.11 0.081 0.064
0 0.163 0.0685 0.056 0.039
0 0.231 0.072 0.048 0.032
0 0.2915 0.0725 0.033 0.085
0 0.322 0.0165 0.092 0.031
0 0.446 0.072 0.064 0.048