0 0.8405 0.641 0.091 0.114
0 0.88 0.523 0.092 0.09
0 0.768 0.7025 0.168 0.091
0 0.7925 0.5965 0.071 0.065
0 0.7375 0.637 0.063 0.086
0 0.778 0.528 0.042 0.068
0 0.8125 0.4855 0.081 0.049
0 0.803 0.4235 0.096 0.077
0 0.883 0.4545 0.104 0.073
0 0.913 0.3965 0.088 0.083
0 0.9395 0.3185 0.087 0.097
0 0.8315 0.382 0.079 0.056
0 0.8375 0.3145 0.063 0.091
0 0.8515 0.265 0.111 0.078
0 0.8545 0.2085 0.103 0.081
0 0.9485 0.2195 0.103 0.123
0 0.877 0.1385 0.096 0.073
0 0.9605 0.1515 0.079 0.057