0 0.081 0.2865 0.118 0.087
0 0.029 0.318 0.056 0.094
0 0.024 0.4065 0.046 0.091
0 0.301 0.854 0.078 0.066
0 0.3365 0.8255 0.053 0.057
0 0.258 0.906 0.06 0.064
0 0.21 0.93 0.08 0.078
0 0.252 0.984 0.072 0.032
0 0.3375 0.9495 0.125 0.101
0 0.3945 0.936 0.057 0.068
0 0.5425 0.753 0.139 0.13
0 0.6245 0.683 0.131 0.136
0 0.522 0.6805 0.05 0.047
0 0.446 0.644 0.116 0.1
0 0.5555 0.5775 0.125 0.095
0 0.5415 0.632 0.041 0.04
0 0.8275 0.484 0.141 0.084
0 0.907 0.553 0.116 0.102
0 0.8525 0.5805 0.041 0.053
0 0.972 0.514 0.056 0.112
0 0.931 0.4005 0.12 0.091