0 0.033 0.7945 0.064 0.055
0 0.0415 0.75 0.033 0.036
0 0.085 0.6675 0.056 0.053
0 0.1275 0.55 0.091 0.094
0 0.1885 0.4835 0.077 0.081
0 0.2175 0.5525 0.061 0.061
0 0.2405 0.505 0.083 0.082
0 0.5545 0.2925 0.053 0.053
0 0.5375 0.256 0.051 0.04
0 0.594 0.2055 0.022 0.037
0 0.5495 0.213 0.073 0.05
0 0.5965 0.2535 0.079 0.077
0 0.6735 0.096 0.105 0.092
0 0.677 0.142 0.04 0.044
0 0.7095 0.1675 0.069 0.071
0 0.745 0.1405 0.072 0.077
0 0.7885 0.122 0.061 0.062
0 0.76 0.084 0.06 0.05
0 0.8345 0.0965 0.061 0.057
0 0.8625 0.0485 0.081 0.085
0 0.7865 0.0315 0.111 0.061