1 0.5035 0.4975 0.077 0.083
0 0.3895 0.774 0.057 0.064
0 0.2825 0.778 0.063 0.06
0 0.326 0.768 0.026 0.078
0 0.808 0.4735 0.054 0.071
0 0.0455 0.509 0.051 0.072
0 0.0885 0.6685 0.101 0.075
0 0.109 0.713 0.042 0.04
0 0.4735 0.33 0.083 0.07
0 0.614 0.193 0.028 0.036
0 0.6195 0.2615 0.055 0.041
0 0.647 0.2925 0.042 0.059
0 0.4325 0.4365 0.065 0.081
0 0.2345 0.7435 0.035 0.049
0 0.4315 0.6915 0.045 0.071
0 0.23 0.0705 0.08 0.081
0 0.263 0.0215 0.066 0.043
0 0.0445 0.7455 0.087 0.081