0 0.117 0.804 0.04 0.082
0 0.062 0.7345 0.122 0.059
0 0.1805 0.751 0.091 0.05
0 0.8075 0.9365 0.045 0.053
0 0.856 0.9435 0.074 0.065
0 0.9365 0.9565 0.071 0.065
0 0.9795 0.9505 0.015 0.047
0 0.9305 0.914 0.035 0.02
0 0.9595 0.901 0.081 0.068
0 0.8605 0.8745 0.083 0.041
0 0.8175 0.894 0.025 0.032
0 0.5765 0.3915 0.125 0.087
0 0.6165 0.4075 0.033 0.039
0 0.604 0.426 0.048 0.028
0 0.7325 0.4145 0.067 0.065
0 0.73 0.37 0.074 0.046
0 0.677 0.4055 0.024 0.069
0 0.6955 0.424 0.025 0.028