0 0.5765 0.801 0.103 0.078
0 0.6835 0.8315 0.097 0.073
0 0.5985 0.7155 0.101 0.067
0 0.7035 0.7465 0.101 0.073
0 0.617 0.631 0.1 0.076
0 0.7245 0.6545 0.095 0.073
0 0.6395 0.5445 0.097 0.071
0 0.743 0.5695 0.102 0.073
0 0.6625 0.4505 0.101 0.067
0 0.762 0.4805 0.1 0.071
0 0.6795 0.3635 0.101 0.069
0 0.7815 0.3925 0.097 0.069
0 0.6985 0.274 0.097 0.072
0 0.7995 0.305 0.097 0.066
0 0.908 0.3545 0.066 0.099
0 0.878 0.4885 0.066 0.097
0 0.7035 0.9405 0.043 0.073
0 0.788 0.878 0.05 0.06
0 0.8165 0.9415 0.051 0.097