0 0.7885 0.1565 0.095 0.043
0 0.756 0.2145 0.036 0.029
0 0.8615 0.187 0.079 0.088
0 0.775 0.281 0.04 0.09
0 0.8125 0.256 0.031 0.036
0 0.8665 0.29 0.079 0.108
0 0.734 0.352 0.092 0.04
0 0.7075 0.3815 0.041 0.055
0 0.7275 0.415 0.091 0.04
0 0.8355 0.3755 0.123 0.075
0 0.744 0.538 0.044 0.098
0 0.8105 0.4605 0.173 0.039
0 0.8375 0.5355 0.105 0.121
0 0.7235 0.6365 0.081 0.111
0 0.8285 0.63 0.121 0.082
0 0.7415 0.768 0.043 0.084
0 0.759 0.724 0.064 0.042
0 0.8265 0.7615 0.103 0.107
0 0.7105 0.8655 0.041 0.091
0 0.744 0.896 0.034 0.04
0 0.732 0.8385 0.062 0.041
0 0.8155 0.8555 0.111 0.075