0 0.39 0.6015 0.048 0.123
0 0.4555 0.5625 0.095 0.053
0 0.491 0.5815 0.04 0.045
0 0.498 0.6185 0.044 0.039
0 0.445 0.6935 0.046 0.101
0 0.499 0.6855 0.082 0.103
0 0.5695 0.672 0.089 0.08
0 0.637 0.6555 0.078 0.085
0 0.536 0.609 0.038 0.05
0 0.64 0.5895 0.046 0.049
0 0.5815 0.5665 0.141 0.051
0 0.681 0.5365 0.056 0.099
0 0.7325 0.6165 0.139 0.127
0 0.8475 0.5655 0.117 0.103
0 0.8345 0.483 0.115 0.056
0 0.924 0.486 0.036 0.054
0 0.9495 0.4495 0.101 0.047
0 0.9535 0.5475 0.093 0.107
0 0.9635 0.898 0.073 0.044